1835
12696
13138
17748
18018
18570
20565
27446
27967
28098
32319
37596
38738
42671
43688
45056
45890
46529
46598
47276
48056
49055
52091
57321
57707
60797
63689
64340
64451
67739
69923
70450
72009
72135
72384
73168
73185
73488
78180
78798
79249
87137
87507
89733
92239
92411
98445
98565
100770
100898
106426
113236
113290
113550
115824
115989
116079
116262
116364
117255
117528
119407
119408
122160
122731
123922
124813
125086
127255
134831
136049
138028
141733
141739
142426
142624
142724
145485
145559
145592
145703
146426
146489
146760
150763
150843
155538
156736
158056
161842
173816
177764
177989
186794
187406
187658
188016
188501
188684
189333
190097
196130
197846
200240
200246
200354
203457
205430
206165
208646
209141
212294
212564
213380
213677
213836
216296
217774
217886
217906
218705
218777
218828
218918
219054
225048
225665
226073
230243
230591
230675
230714
231029
231425
232046
235187
235824
235885
242768
244007
249098
249368
249429
251537
252306
252371
259274
261164
261242
264512
264719
264726
265765
271389
271979
273015
273497
274046
278576
280816
282491
284913
285535
286192
286795
287044
298825
299767
300985
308911
312973
314051
314408
314438
324432
325087
325144
326866
327045
327438
329307
334413
341836
342328
343079
345473
346417
