3367
9207
13722
18552
24093
24433
24436
24439
24463
24478
26712
27180
27403
28849
31687
32536
32562
33138
34294
38723
42696
44993
45953
48074
49057
52997
56816
59081
63854
63998
64202
66563
67880
71467
73497
73857
78757
78906
79314
79594
86944
89535
92434
92523
95833
95932
98704
99519
101040
101049
111467
111475
111509
111979
113139
113583
113718
114412
114691
117811
119504
123467
125201
126662
126866
128654
134830
134947
136306
136375
140455
142352
142506
142609
142630
145064
145424
145665
145836
146613
146688
156383
160241
160243
160491
161848
166737
171129
171615
174015
174856
174869
187673
188036
188352
188483
189414
189951
190578
191457
191639
196163
198689
200367
204503
208097
208532
210777
213786
213825
214878
217913
218874
220532
221420
222257
225117
226148
226577
243802
244079
249405
251201
251520
251528
251660
261605
261616
263337
263346
263870
264729
265889
266102
267620
271808
272672
274162
274344
277532
278694
279475
281437
285042
285092
285608
286820
286837
287264
287419
291269
293915
298861
298889
298890
299680
299809
300059
300094
300754
301012
307543
309220
310388
314195
317811
318380
321651
326955
326995
334383
334582
339115
343132
346109
